,City,Lat,Lng,Max Temp,Humidity,Cloudiness,Wind Speed,Country,Date
0,Camacha,33.0833,-16.3333,63.54,72,40,19.57,PT,1645460186
1,Udachny,66.4167,112.4,-3.35,100,86,4.0,RU,1645460187
2,Deputatsky,69.3,139.9,-26.09,82,81,5.68,RU,1645460187
3,Hofn,64.2539,-15.2082,35.62,75,100,18.41,IS,1645460188
4,Ushuaia,-54.8,-68.3,60.46,44,20,11.5,AR,1645459923
5,Natchitoches,31.7668,-93.1335,70.48,100,100,5.75,US,1645460189
6,Rikitea,-23.1203,-134.9692,76.24,75,16,9.95,PF,1645460189
7,Mar del Plata,-38.0023,-57.5575,69.82,89,75,17.0,AR,1645460189
8,Cap-aux-Meules,47.3821,-61.8597,32.05,80,75,19.57,CA,1645460190
9,Hobart,-42.8794,147.3294,48.25,75,75,3.44,AU,1645460102
10,Vaini,-21.2,-175.2,78.96,94,40,6.91,TO,1645460190
11,Nikolskoye,59.7035,30.7861,33.87,92,100,11.16,RU,1645460191
12,George Town,5.4112,100.3354,84.13,79,20,3.44,MY,1645460026
13,Thompson,55.7435,-97.8558,-27.24,68,0,8.05,CA,1645460191
14,Suntar,62.1444,117.6319,18.64,88,100,9.86,RU,1645460191
15,Tinskoy,56.1525,96.9161,8.89,99,59,3.18,RU,1645460192
16,Port Alfred,-33.5906,26.891,72.88,64,27,12.01,ZA,1645460181
17,Atuona,-9.8,-139.0333,78.08,74,5,18.81,PF,1645460058
18,Berlevåg,70.8578,29.0864,17.55,86,40,9.22,NO,1645460192
19,Hilo,19.7297,-155.09,70.79,86,100,4.61,US,1645460193
20,Cayenne,4.9333,-52.3333,73.44,94,75,10.36,GF,1645459918
21,Jamestown,42.097,-79.2353,51.12,42,0,5.75,US,1645459925
22,Barrow,71.2906,-156.7887,-16.58,69,75,19.57,US,1645460193
23,Kamyshin,50.0983,45.416,30.97,93,93,6.4,RU,1645460194
24,Kapaa,22.0752,-159.319,64.38,70,0,5.75,US,1645460194
25,Aklavik,68.2191,-135.0107,-15.77,68,0,9.22,CA,1645460194
26,Butaritari,3.0707,172.7902,81.54,81,95,20.56,KI,1645460114
27,Mount Isa,-20.7333,139.5,71.37,43,6,0.0,AU,1645460195
28,Vao,-22.6667,167.4833,79.27,82,100,11.95,NC,1645460195
29,Esperance,-33.8667,121.9,63.55,69,0,17.07,AU,1645460196
30,Kedrovyy,56.1667,91.8167,5.41,96,18,4.34,RU,1645459931
31,Talnakh,69.4865,88.3972,15.21,87,100,19.08,RU,1645460196
32,Torbay,47.6666,-52.7314,36.57,75,75,27.63,CA,1645460196
33,Quatre Cocos,-20.2078,57.7625,81.09,88,63,20.71,MU,1645460102
34,Korla,41.7597,86.1469,30.45,41,0,2.91,CN,1645460197
35,Cape Town,-33.9258,18.4232,78.1,53,20,12.66,ZA,1645460159
36,New Norfolk,-42.7826,147.0587,47.91,61,59,2.51,AU,1645460197
37,Qaanaaq,77.484,-69.3632,-8.73,60,92,7.52,GL,1645460198
38,Upernavik,72.7868,-56.1549,-19.32,98,100,3.38,GL,1645460198
39,Lompoc,34.6391,-120.4579,53.56,67,100,14.97,US,1645460198
40,Chesapeake,36.819,-76.2749,62.62,57,0,8.05,US,1645460413
41,Tasiilaq,65.6145,-37.6368,24.96,85,100,33.82,GL,1645460199
42,Cockburn Town,21.4612,-71.1419,78.76,69,75,12.66,TC,1645460199
43,Hasaki,35.7333,140.8333,36.0,41,6,23.13,JP,1645460200
44,Kavieng,-2.5744,150.7967,76.12,95,100,0.98,PG,1645460200
45,Byron Bay,-28.65,153.6167,73.35,86,37,3.51,AU,1645460200
46,Hermanus,-34.4187,19.2345,71.91,77,1,13.49,ZA,1645460201
47,Kruisfontein,-34.0033,24.7314,69.89,65,18,14.18,ZA,1645460202
48,Bluff,-46.6,168.3333,59.52,65,97,17.4,NZ,1645460202
49,Bredasdorp,-34.5322,20.0403,72.72,56,0,18.41,ZA,1645460202
50,Laguna,38.421,-121.4238,48.25,67,0,5.75,US,1645460203
51,Codrington,-38.2667,141.9667,58.03,68,92,8.57,AU,1645460203
52,Pokhara,28.2333,83.9833,50.79,53,27,6.6,NP,1645460203
53,Erciş,39.0287,43.3586,33.4,83,99,2.55,TR,1645460204
54,Iskateley,67.6803,53.1512,16.88,97,100,3.89,RU,1645460204
55,Busselton,-33.65,115.3333,64.09,74,0,10.11,AU,1645460204
56,Qaqortoq,60.7167,-46.0333,3.7,74,0,4.09,GL,1645460205
57,Prince Rupert,54.3161,-130.3201,32.09,69,100,2.3,CA,1645460025
58,Castro,-24.7911,-50.0119,81.91,47,94,5.79,BR,1645460205
59,La Ronge,55.1001,-105.2842,-27.15,62,0,6.91,CA,1645460206
60,Kuldīga,56.974,21.9572,38.89,96,100,18.43,LV,1645460206
61,Forsytheganj,52.6333,29.7333,38.98,97,100,15.97,BY,1645460206
62,Chokurdakh,70.6333,147.9167,-44.46,100,55,3.91,RU,1645460207
63,Jalingo,8.8833,11.3667,98.28,8,20,10.31,NG,1645460207
64,Shādegān,30.6497,48.6647,67.95,34,50,7.45,IR,1645460208
65,Dikson,73.5069,80.5464,13.42,92,100,17.76,RU,1645460208
66,Yulara,-25.2406,130.9889,73.24,35,0,8.05,AU,1645460208
67,Saint-Philippe,-21.3585,55.7679,78.39,93,100,32.28,RE,1645460209
68,Lata,40.1629,-8.3327,70.72,44,45,6.2,PT,1645460209
69,Ancud,-41.8697,-73.8203,67.53,47,2,11.16,CL,1645460210
70,Marsh Harbour,26.5412,-77.0636,72.99,61,13,14.83,BS,1645460210
71,Ixtapa,20.7,-105.2,72.63,60,0,0.0,MX,1645460210
72,Naberera,-4.2,36.9333,72.21,67,77,6.02,TZ,1645460211
73,Carnarvon,-24.8667,113.6333,82.47,65,94,12.66,AU,1645460211
74,Otradnoye,59.7775,30.8181,34.03,91,100,10.92,RU,1645460212
75,Hermiston,45.8404,-119.2895,39.38,76,100,0.0,US,1645460113
76,Mahébourg,-20.4081,57.7,81.25,94,40,23.02,MU,1645460212
77,Yellowknife,62.456,-114.3525,-27.71,80,20,6.91,CA,1645460212
78,Vardø,70.3705,31.1107,23.2,59,100,14.32,NO,1645460213
79,Bethel,41.3712,-73.414,47.48,52,0,3.44,US,1645460135
80,Tiksi,71.6872,128.8694,-9.6,99,98,7.94,RU,1645460213
81,Tuktoyaktuk,69.4541,-133.0374,-25.6,75,0,14.97,CA,1645460214
82,Saint-Joseph,-21.3667,55.6167,77.38,90,100,26.78,RE,1645460214
83,Doha,25.2867,51.5333,67.98,50,0,12.66,QA,1645460110
84,Cervo,43.6702,-7.4101,65.19,73,25,5.03,ES,1645460214
85,Mataura,-46.1927,168.8643,51.73,78,76,3.67,NZ,1645460215
86,Fortuna,40.5982,-124.1573,40.32,93,75,0.0,US,1645459976
87,Kilindoni,-7.9139,39.6668,82.89,80,37,10.78,TZ,1645460215
88,Nizhnevartovsk,60.9344,76.5531,21.22,79,100,13.42,RU,1645460215
89,Saint Paul Harbor,57.79,-152.4072,38.71,87,100,4.61,US,1645460216
90,Ribeira Grande,38.5167,-28.7,61.2,59,75,6.91,PT,1645460216
91,Avarua,-21.2078,-159.775,77.05,94,40,8.05,CK,1645460150
92,Saskylakh,71.9167,114.0833,8.04,95,95,5.5,RU,1645460217
93,Faanui,-16.4833,-151.75,80.78,77,78,18.41,PF,1645460217
94,Rocky Mountain House,52.3668,-114.9188,-7.17,84,100,0.0,CA,1645460217
95,Mazagão,-0.115,-51.2894,91.45,63,85,5.08,BR,1645460218
96,Belmonte,-15.8631,-38.8828,84.7,61,22,7.2,BR,1645460218
97,Il'inskoye-Khovanskoye,56.9718,39.7684,31.33,93,97,8.12,RU,1645460218
98,Sur,22.5667,59.5289,74.73,60,0,4.88,OM,1645460108
99,La Asuncion,11.0333,-63.8628,82.13,74,12,16.11,VE,1645460219
100,São Filipe,14.8961,-24.4956,71.38,69,97,8.03,CV,1645460219
101,Buturlinovka,50.8239,40.6092,27.54,94,60,7.07,RU,1645460220
102,Kaeo,-35.1,173.7833,65.32,94,56,6.6,NZ,1645460220
103,Centenário do Sul,-22.8211,-51.5953,86.13,51,98,10.36,BR,1645460220
104,Meulaboh,4.1363,96.1285,78.98,81,95,4.32,ID,1645460221
105,Grindavik,63.8424,-22.4338,37.87,87,100,32.21,IS,1645460221
106,Punta Arenas,-53.15,-70.9167,62.71,45,0,17.27,CL,1645460136
107,Rock Springs,41.5875,-109.2029,30.04,85,100,3.44,US,1645460222
108,Narsaq,60.9167,-46.05,3.42,67,0,3.36,GL,1645459965
109,Birjand,32.8663,59.2211,45.07,81,75,9.22,IR,1645460222
110,Hithadhoo,-0.6,73.0833,83.03,69,14,8.99,MV,1645460223
111,Salalah,17.0151,54.0924,77.09,69,0,4.61,OM,1645460223
112,Iraquara,-12.2486,-41.6194,86.68,44,100,7.4,BR,1645460224
113,Beloha,-25.1667,45.05,77.59,80,0,16.96,MG,1645460224
114,Isangel,-19.55,169.2667,79.23,84,100,6.44,VU,1645460224
115,Saldanha,-33.0117,17.9442,66.34,81,21,14.63,ZA,1645460225
116,Kamenka,51.3223,42.7678,34.75,94,97,8.88,RU,1645460225
117,Fare,-16.7,-151.0167,80.64,76,100,19.13,PF,1645460225
118,Qasigiannguit,68.8193,-51.1922,-1.95,96,100,2.55,GL,1645460226
119,Havre-St-Pierre,50.2334,-63.5986,21.79,79,0,31.07,CA,1645460108
120,Constitución,-35.3333,-72.4167,65.62,57,100,8.41,CL,1645460227
121,Viedma,-40.8135,-62.9967,62.96,63,100,21.36,AR,1645460227
122,La Peca,-5.6111,-78.435,74.73,77,93,3.02,PE,1645460227
123,Albany,42.6001,-73.9662,48.74,46,75,1.01,US,1645460189
124,Ilulissat,69.2167,-51.1,-2.18,65,40,5.75,GL,1645460079
125,Zambezi,-13.5432,23.1047,72.18,88,37,5.79,ZM,1645460228
126,Beisfjord,68.3751,17.5988,17.65,87,95,5.61,NO,1645460228
127,Los Llanos de Aridane,28.6585,-17.9182,60.55,75,40,12.66,ES,1645460229
128,Pitimbu,-7.4706,-34.8086,88.39,62,27,11.9,BR,1645460229
129,Kinablangan,7.6947,126.5503,77.09,82,100,4.97,PH,1645460230
130,Puerto Ayora,-0.7393,-90.3518,84.16,85,82,5.99,EC,1645460230
131,Beringovskiy,63.05,179.3167,-3.64,98,100,14.79,RU,1645460231
132,Saint-Louis,16.3333,-15.0,98.17,8,60,6.78,SN,1645460231
133,Flinders,-34.5833,150.8552,72.21,89,100,5.99,AU,1645460231
134,Souillac,-20.5167,57.5167,81.36,94,40,23.02,MU,1645460232
135,Toyooka,35.5333,134.8333,28.67,89,76,7.27,JP,1645460232
136,Santa Cruz de la Sierra,-17.8,-63.1667,87.26,62,40,14.97,BO,1645460050
137,Bandarbeyla,9.4942,50.8122,78.13,75,1,15.57,SO,1645460233
138,Sanlúcar la Mayor,37.3871,-6.2011,72.55,27,0,11.5,ES,1645460233
139,The Valley,18.217,-63.0578,84.06,65,40,13.8,AI,1645460233
140,Cidreira,-30.1811,-50.2056,81.84,58,94,4.23,BR,1645460233
141,Karasjok,69.4719,25.5112,-3.89,100,100,2.26,NO,1645460234
142,Kupang,-10.1667,123.5833,77.54,83,100,2.26,ID,1645460234
143,Boa Vista,2.8197,-60.6733,93.18,40,40,18.41,BR,1645460235
144,Mayor Pablo Lagerenza,-19.9309,-60.7718,96.42,37,99,8.75,PY,1645460235
145,Paamiut,61.994,-49.6678,-1.12,81,0,9.28,GL,1645460235
146,Moroto,2.5345,34.6666,75.97,43,99,3.56,UG,1645460236
147,Port Hardy,50.6996,-127.4199,37.76,86,20,9.22,CA,1645460174
148,Kieta,-6.2167,155.6333,79.32,80,100,2.66,PG,1645460236
149,Haines Junction,60.7522,-137.5108,-18.45,76,100,1.14,CA,1645460237
150,Santa Fe,-31.6333,-60.7,84.0,44,3,8.99,AR,1645460237
151,Bilma,18.6853,12.9164,81.93,7,0,4.97,NE,1645460237
152,Mineiros,-17.5694,-52.5511,77.72,73,38,10.49,BR,1645460238
153,Kongsberg,59.6652,9.6465,35.71,85,80,6.08,NO,1645460238
154,Berezovyy,51.6667,135.7,-8.86,98,92,4.41,RU,1645460238
155,Khatanga,71.9667,102.5,11.5,91,100,7.18,RU,1645460238
156,Lebu,-37.6167,-73.65,65.12,58,15,5.64,CL,1645460239
157,Abhayāpuri,26.3333,90.6667,64.02,51,28,4.38,IN,1645460239
158,Sterling,39.0062,-77.4286,59.32,31,20,6.91,US,1645460208
159,Puerto Salgar,5.463,-74.6544,85.12,64,79,3.42,CO,1645460240
160,Bājna,27.9,77.6833,60.84,38,0,4.59,IN,1645460240
161,Buala,-8.145,159.5921,80.51,80,100,2.1,SB,1645460240
162,Bubaque,11.2833,-15.8333,78.33,66,5,13.22,GW,1645460241
163,Nome,64.5011,-165.4064,33.87,87,100,26.46,US,1645460241
164,Shurugwi,-19.6702,30.0059,76.14,43,88,6.78,ZW,1645460241
165,Ghanzi,-21.5667,21.7833,89.08,27,75,11.27,BW,1645460242
166,Makhachkala,42.9764,47.5024,44.58,72,100,3.31,RU,1645460132
167,Port Blair,11.6667,92.75,78.13,62,31,7.43,IN,1645460242
168,Vanino,49.0869,140.2543,9.0,75,100,8.66,RU,1645460242
169,Shache,38.4167,77.2406,35.44,37,0,7.0,CN,1645460243
170,Chui,-33.6971,-53.4616,80.38,56,49,14.36,UY,1645460243
171,East London,-33.0153,27.9116,72.54,73,0,9.22,ZA,1645460243
172,North Bend,43.4065,-124.2243,42.08,99,100,8.05,US,1645460244
173,Cabo San Lucas,22.8909,-109.9124,73.71,49,20,18.41,MX,1645460006
174,Nueve de Julio,-35.4444,-60.8831,73.71,59,100,9.4,AR,1645460244
175,Provideniya,64.3833,-173.3,15.19,95,100,13.53,RU,1645460244
176,Yengema,8.7167,-11.1667,88.52,40,92,2.93,SL,1645460245
177,Amuntai,-2.4177,115.2494,72.88,94,94,1.79,ID,1645460181
178,Ponta do Sol,32.6667,-17.1,68.13,52,57,11.54,PT,1645460245
179,Maragogi,-9.0122,-35.2225,85.87,60,50,12.06,BR,1645460024
180,Lesnoy,57.6198,63.0784,27.86,86,45,10.22,RU,1645460246
181,Port Elizabeth,-33.918,25.5701,72.1,77,20,12.66,ZA,1645460246
182,Esna,25.2934,32.554,70.63,18,1,7.72,EG,1645460247
183,Havelock,34.8791,-76.9013,66.97,72,75,8.05,US,1645460247
184,Katangli,51.7102,143.2326,3.6,84,100,24.36,RU,1645460247
185,Kastamonu Province,41.5,33.6667,39.54,86,75,2.04,TR,1645460248
186,Barcelos,41.5388,-8.6151,66.92,54,8,7.87,PT,1645460248
187,Kaitangata,-46.2817,169.8464,51.94,79,3,5.79,NZ,1645460249
188,Imbituba,-28.24,-48.6703,87.69,75,75,4.32,BR,1645460249
189,Lieksa,63.3167,30.0167,8.31,98,53,4.27,FI,1645460249
190,Lagunas,-5.2269,-75.6753,83.07,76,94,1.16,PE,1645460250
191,Bambous Virieux,-20.3428,57.7575,81.21,94,40,23.02,MU,1645460250
192,Yar-Sale,66.8333,70.8333,18.25,96,100,8.14,RU,1645460250
193,Labuhan,-6.8844,112.2051,78.39,83,100,6.35,ID,1645460251
194,Qingyang,37.4958,121.2581,27.45,44,0,3.27,CN,1645460251
195,Contai,21.7786,87.7536,71.33,65,23,10.4,IN,1645460252
196,Narkanda,31.2548,77.4613,30.74,37,26,2.68,IN,1645460252
197,Taman',45.2117,36.7161,42.35,79,7,6.8,RU,1645460252
198,Bengkulu,-3.8004,102.2655,77.14,87,99,2.62,ID,1645460253
199,Aksaray,38.3726,34.0254,47.79,71,97,4.29,TR,1645460253
200,Banjarmasin,-3.3244,114.591,78.94,90,100,1.61,ID,1645460054
201,Norman Wells,65.282,-126.8329,-38.16,60,20,2.3,CA,1645460253
202,Ballina,-28.8667,153.5667,68.95,98,24,3.33,AU,1645460254
203,Saint Anthony,45.0205,-93.218,25.29,73,100,19.57,US,1645460254
204,Ust-Tsilma,65.441,52.1498,27.66,97,100,6.62,RU,1645460255
205,Saint George,37.1041,-113.5841,56.95,27,0,12.66,US,1645460255
206,Hong Kong,22.2855,114.1577,52.25,92,100,10.0,HK,1645460448
207,Ma’anshan,31.6957,118.4983,30.25,45,72,1.07,CN,1645460255
208,Clyde River,70.4692,-68.5914,-16.37,69,75,16.11,CA,1645460256
209,Klaksvík,62.2266,-6.589,34.72,52,62,10.0,FO,1645460256
210,Lüderitz,-26.6481,15.1594,78.17,49,3,25.19,NA,1645460186
211,Altus,34.6381,-99.334,60.31,59,0,11.5,US,1645460257
212,Anadyr,64.75,177.4833,-10.7,76,20,24.61,RU,1645460257
213,Leh,34.1667,77.5833,0.99,52,30,2.33,IN,1645460258
214,San Jose,37.3394,-121.895,49.12,71,20,5.99,US,1645460356
215,Kumul,42.8,93.45,30.09,36,0,6.93,CN,1645460258
216,Hambantota,6.1241,81.1185,79.56,78,21,3.18,LK,1645460184
217,Evensk,61.95,159.2333,-19.84,80,17,8.9,RU,1645460259
218,Copiapó,-27.3667,-70.3333,67.69,38,0,8.55,CL,1645460259
219,Airai,-8.9266,125.4092,60.22,98,100,1.01,TL,1645460259
220,Uthal,25.8072,66.6219,73.33,64,0,11.88,PK,1645460260
221,Kutum,14.2,24.6667,72.86,12,58,11.07,SD,1645460260
222,Östersund,63.1792,14.6357,23.61,93,100,5.75,SE,1645460260
223,Awjilah,29.1081,21.2869,72.91,18,6,6.46,LY,1645460261
224,Zhigansk,66.7697,123.3711,-6.61,98,100,15.97,RU,1645460261
225,Huron,41.1501,-82.5499,50.81,59,89,10.83,US,1645460261
226,San Cristobal,7.7669,-72.225,68.18,33,37,2.62,VE,1645460211
227,Grafton,42.207,-71.6856,48.96,47,0,10.36,US,1645459963
228,Tuatapere,-46.1333,167.6833,57.36,77,100,10.87,NZ,1645460262
229,Black Diamond,47.3087,-122.0032,36.9,86,100,1.1,US,1645460262
230,Makat,47.6469,53.3463,39.67,92,100,9.04,KZ,1645460262
231,Rawson,-43.3002,-65.1023,55.85,57,96,18.19,AR,1645460263
232,Sept-Îles,50.2001,-66.3821,17.06,61,44,10.0,CA,1645460042
233,Geraldton,-28.7667,114.6,75.61,78,73,17.27,AU,1645460263
234,Praia da Vitória,38.7333,-27.0667,62.85,63,40,3.74,PT,1645460264
235,Stephenville,32.2207,-98.2023,71.94,81,75,12.66,US,1645460129
236,Champerico,14.3,-91.9167,91.76,53,5,3.91,GT,1645460264
237,Camaná,-16.6228,-72.7111,75.96,74,100,9.73,PE,1645460264
238,Toumodi,6.5613,-5.0158,97.3,34,99,3.06,CI,1645460265
239,Barabai,-2.5833,115.3833,72.77,93,99,1.59,ID,1645460265
240,Bayan,46.0833,127.4,-16.67,100,21,4.79,CN,1645460265
241,Namtsy,62.7161,129.6658,-12.89,99,100,6.53,RU,1645460266
242,Pāsighāt,28.0667,95.3333,54.91,73,61,4.7,IN,1645460266
243,Guerrero Negro,27.9769,-114.0611,60.03,56,27,14.07,MX,1645460267
244,Cherskiy,68.75,161.3,-50.35,100,98,4.74,RU,1645460267
245,Tocopilla,-22.092,-70.1979,74.3,72,13,7.07,CL,1645460119
246,Rio Grande City,26.3798,-98.8203,71.89,60,72,17.38,US,1645460268
247,Uzhur,55.3036,89.8339,-0.69,99,64,5.82,RU,1645460268
248,Khasan,42.4308,130.6434,14.29,66,46,12.12,RU,1645460268
249,Carahue,-38.7,-73.1667,79.0,26,0,10.98,CL,1645460269
250,Séguéla,7.9611,-6.6731,95.99,25,77,5.5,CI,1645460269
251,Lichtenburg,-26.152,26.1597,82.54,24,25,11.23,ZA,1645460269
252,Pochutla,15.7432,-96.4661,87.82,41,1,5.97,MX,1645460270
253,Tommot,58.9564,126.2925,8.28,94,100,8.95,RU,1645460270
254,Ternovka,51.678,41.6375,27.64,94,78,7.81,RU,1645460271
255,Santa Maria,-29.6842,-53.8069,92.82,33,24,7.96,BR,1645460194
256,Anchorage,61.2181,-149.9003,32.67,89,100,6.91,US,1645460185
257,Darhan,49.4867,105.9228,-4.76,96,11,6.2,MN,1645460271
258,Southampton,50.904,-1.4043,53.8,66,40,21.85,GB,1645460563
259,Nanzhou,29.3596,112.4024,43.36,71,98,2.1,CN,1645460272
260,San Quintín,30.4833,-115.95,56.93,62,99,10.49,MX,1645460272
261,Faya,18.3851,42.4509,66.31,39,81,4.7,SA,1645460273
262,Bidor,4.1139,101.2884,80.58,93,66,3.29,MY,1645460273
263,Eydhafushi,5.1033,73.0708,82.06,70,10,5.66,MV,1645460273
264,Port Said,31.2565,32.2841,61.11,70,49,9.19,EG,1645460274
265,Pudozh,61.8099,36.5345,21.54,94,98,2.42,RU,1645460274
266,Beckley,37.7782,-81.1882,56.07,32,0,13.8,US,1645460274
267,Kiama,-34.6833,150.8667,72.0,92,100,3.0,AU,1645460275
268,Barra de Tecoanapa,16.5167,-98.75,84.42,49,1,1.59,MX,1645460275
269,Vestmanna,62.1564,-7.1664,32.92,64,63,8.05,FO,1645460276
270,Hobyo,5.3505,48.5268,78.53,78,19,16.42,SO,1645460276
271,Jacareacanga,-6.2222,-57.7528,88.3,58,99,4.03,BR,1645460277
272,Riyadh,24.6877,46.7219,66.34,20,0,11.41,SA,1645460217
273,Pevek,69.7008,170.3133,-40.81,100,66,1.97,RU,1645460277
274,Petropavlovsk-Kamchatskiy,53.0452,158.6483,25.39,59,75,20.13,RU,1645460277
275,Eureka,40.8021,-124.1637,40.57,79,52,5.41,US,1645460136
276,Mount Gambier,-37.8333,140.7667,49.46,88,16,4.88,AU,1645460278
277,Ritchie,-29.038,24.6028,88.81,11,0,14.76,ZA,1645460278
278,San Patricio,28.017,-97.5169,75.92,69,78,18.41,US,1645460279
279,Burnie,-41.0667,145.9167,47.95,69,0,6.46,AU,1645460279
280,Skibbereen,51.55,-9.2667,51.6,81,75,13.33,IE,1645460279
281,Kinston,35.2627,-77.5816,64.9,67,75,3.44,US,1645460280
282,Yamada,39.4667,141.95,26.82,57,8,22.21,JP,1645460280
283,Gisborne,-38.6533,178.0042,61.95,93,15,5.44,NZ,1645460280
284,Guye,39.7333,118.4167,25.43,31,79,13.27,CN,1645460281
285,Samarai,-10.6167,150.6667,81.77,80,100,1.57,PG,1645460281
286,Pecos,31.4229,-103.4932,62.31,32,99,3.44,US,1645460281
287,Kiknur,57.3034,47.2011,29.17,94,100,8.48,RU,1645460282
288,Cap Malheureux,-19.9842,57.6142,81.46,85,76,5.99,MU,1645460282
289,Constantine,36.365,6.6147,58.41,54,0,13.8,DZ,1645460282
290,Akdepe,42.0551,59.3788,51.8,41,17,9.08,TM,1645460283
291,Marabu,4.4148,114.0089,75.34,94,40,2.3,MY,1645460159
292,Mīnāb,27.1467,57.0801,71.92,56,0,4.61,IR,1645460284
293,Pacatuba,-3.9842,-38.6203,90.5,48,81,10.65,BR,1645460284
294,Rāikot,30.65,75.6,57.18,50,16,5.93,IN,1645460284
295,Sinnamary,5.3833,-52.95,79.54,87,58,9.93,GF,1645460285
296,Kapit,2.0167,112.9333,72.3,98,100,0.98,MY,1645460285
297,Bolobo,-2.1667,16.2333,88.77,45,62,1.57,CD,1645460285
298,Palani,10.4667,77.5333,77.92,65,52,1.7,IN,1645460286
299,Yarim,14.298,44.3779,58.08,27,41,11.7,YE,1645460287
300,Lagoa,39.05,-27.9833,55.76,57,100,4.97,PT,1645460287
301,Rodrigues Alves,-7.738,-72.6509,71.8,95,100,2.28,BR,1645460288
302,Veere,51.5483,3.6667,49.21,84,49,20.71,NL,1645460288
303,Kloulklubed,7.0419,134.2556,81.1,80,99,24.87,PW,1645460288
304,Husavik,66.0449,-17.3389,28.31,74,100,15.48,IS,1645460289
305,Ketchikan,55.3422,-131.6461,33.78,64,20,5.75,US,1645460289
306,Surab,28.4914,66.2585,59.76,28,0,13.6,PK,1645460290
307,Bilibino,68.0546,166.4372,-35.54,99,82,1.25,RU,1645460266
308,Lavrentiya,65.5833,-171.0,18.18,96,100,9.8,RU,1645460290
309,Arraial do Cabo,-22.9661,-42.0278,87.76,70,40,12.66,BR,1645460290
310,Brigantine,39.4101,-74.3646,52.29,58,0,0.0,US,1645460291
311,Torrington,41.8007,-73.1212,48.43,46,33,1.01,US,1645460102
312,Pangnirtung,66.1451,-65.7125,-31.0,75,20,2.3,CA,1645460291
313,Severo-Kuril'sk,50.6789,156.125,31.89,96,100,43.98,RU,1645460292
314,Polovinnoye,54.7914,65.9864,27.41,91,84,12.37,RU,1645460292
315,Luba,3.4568,8.5547,82.47,78,82,9.1,GQ,1645460293
316,Mkushi,-13.6202,29.3939,68.4,92,94,3.13,ZM,1645460293
317,Katsuura,35.1333,140.3,37.51,45,22,9.64,JP,1645460099
318,Longyearbyen,78.2186,15.6401,-4.16,77,20,4.61,SJ,1645460293
319,Kenora,49.8167,-94.4337,-11.22,63,100,8.05,CA,1645460288
320,Padang,-0.9492,100.3543,78.85,86,100,4.0,ID,1645460294
321,Kahului,20.8947,-156.47,74.84,85,0,1.99,US,1645460294
322,Nanortalik,60.1432,-45.2371,13.71,70,5,21.43,GL,1645460294
323,Pedana,16.2667,81.1667,78.98,80,24,9.95,IN,1645460295
324,Merauke,-8.4667,140.3333,80.26,84,100,7.14,ID,1645460295
325,Te Anau,-45.4167,167.7167,55.13,94,99,6.38,NZ,1645460296
326,Fohnsdorf,47.2183,14.6819,40.64,36,75,11.5,AT,1645460296
327,Ereymentau,51.6199,73.1033,20.68,86,78,11.48,KZ,1645460296
328,George,-33.963,22.4617,69.35,64,40,9.22,ZA,1645460297
329,Vila Franca do Campo,37.7167,-25.4333,61.21,64,98,5.64,PT,1645460297
330,Maceió,-9.6658,-35.7353,89.04,51,40,14.97,BR,1645460297
331,Panzhihua,26.5851,101.7128,44.51,94,100,3.33,CN,1645460298
332,Thinadhoo,0.5333,72.9333,82.83,69,44,6.58,MV,1645460298
333,Pemangkat,1.1667,108.9667,76.35,89,100,7.29,ID,1645460299
334,Vila Velha,-20.3297,-40.2925,89.55,70,20,16.11,BR,1645460299
335,Karratha,-20.7377,116.8463,85.75,69,87,8.9,AU,1645460300
336,Iqaluit,63.7506,-68.5145,-27.67,75,100,4.61,CA,1645460300
337,Westport,41.1415,-73.3579,48.74,59,66,5.01,US,1645460300
338,Baikunthpur,23.25,82.55,62.53,21,0,5.28,IN,1645460300
339,Sola,-13.8833,167.55,82.2,76,50,12.93,VU,1645460301
340,Huamachuco,-7.8,-78.0667,61.66,53,56,5.61,PE,1645460302
341,Panabá,21.2833,-88.2667,83.95,53,0,12.53,MX,1645460302
342,Olafsvik,64.8945,-23.7142,35.78,98,100,27.04,IS,1645460302
343,Tartagal,-22.5164,-63.8013,86.14,78,99,3.89,AR,1645460303
344,Asău,46.4333,26.4,48.4,65,91,4.43,RO,1645460303
345,Koppang,61.5706,11.0555,22.24,93,98,5.26,NO,1645460304
346,Serenje,-13.2325,30.2352,66.52,95,100,4.23,ZM,1645460304
347,Tsimmerbude,54.675,20.1347,41.05,69,72,26.64,RU,1645460304
348,Dunmore East,52.1514,-6.9861,51.69,69,75,6.91,IE,1645460304
349,Fatehpur,25.9333,80.8,61.38,33,0,4.74,IN,1645460183
350,Vysotsk,60.6288,28.5705,30.99,91,100,15.5,RU,1645460305
351,Njeru,0.4186,33.1731,71.11,64,100,4.94,UG,1645460305
352,Luanda,-8.8368,13.2343,81.57,77,40,14.09,AO,1645460258
353,Dubbo,-32.25,148.6167,66.33,88,75,11.5,AU,1645460306
354,Salinas,36.6777,-121.6555,50.07,73,0,0.0,US,1645460100
355,Avera,33.194,-82.5271,66.94,71,92,6.17,US,1645460306
356,Santa Isabel Rio Negro,-0.4139,-65.0192,90.57,50,33,6.44,BR,1645460306
357,Morehead,37.2711,-87.1764,59.86,56,100,6.91,US,1645460307
358,Brae,60.3964,-1.353,39.11,51,41,24.27,GB,1645460307
359,São João da Barra,-21.6403,-41.0511,89.69,80,53,5.86,BR,1645460308
360,Vanavara,60.34,102.2797,11.17,97,99,5.37,RU,1645460308
361,Manado,1.487,124.8455,75.97,94,40,1.14,ID,1645460183
362,Slave Lake,55.2834,-114.769,-16.62,76,75,5.75,CA,1645460308
363,Arona,28.0996,-16.681,59.83,66,20,10.36,ES,1645460309
364,Coquimbo,-29.9533,-71.3436,67.73,68,20,14.97,CL,1645460309
365,Kosino,58.4127,51.2782,26.37,96,100,8.1,RU,1645460309
366,Challans,46.8436,-1.8749,55.6,78,5,23.13,FR,1645460310
367,Karymskoye,51.6167,114.35,-10.5,97,13,3.85,RU,1645460310
368,Ambilobe,-13.2,49.05,78.39,87,100,10.38,MG,1645460310
369,Ostrovnoy,68.0531,39.5131,24.4,91,100,13.31,RU,1645460311
370,Makueni Boma,-1.8041,37.6203,79.23,34,91,5.48,KE,1645460311
371,Woodward,36.4337,-99.3904,65.43,22,0,14.97,US,1645460311
372,Adeje,28.1227,-16.726,64.02,67,20,10.36,ES,1645460312
373,Preobrazheniye,42.9019,133.9064,9.39,71,3,11.32,RU,1645460312
374,Bocana de Paiwas,12.7857,-85.1227,79.5,68,50,16.64,NI,1645460313
375,Sitka,57.0531,-135.33,28.29,50,0,0.0,US,1645460313
376,Ayer Molek,2.2033,102.3171,77.04,88,40,4.61,MY,1645460313
377,Diffa,13.3154,12.6113,84.67,9,9,15.19,NE,1645460314
378,Cedar City,37.6775,-113.0619,43.39,33,0,19.57,US,1645460314
379,Kungurtug,50.5994,97.5228,-5.44,97,21,2.24,RU,1645460314
380,Ozinki,51.1786,49.6769,17.85,99,37,6.02,RU,1645460315
381,‘Ewa Beach,21.3156,-158.0072,73.35,83,100,6.91,US,1645460315
382,Wonthaggi,-38.6044,145.5913,60.82,59,98,7.2,AU,1645460315
383,Zyryanka,65.75,150.85,-45.62,100,58,3.91,RU,1645460316
384,Morondava,-20.2833,44.2833,84.07,77,4,18.07,MG,1645460316
385,Leningradskiy,69.3833,178.4167,-33.66,97,55,2.73,RU,1645460316
386,Matagami,49.7502,-77.6328,-16.49,63,0,3.44,CA,1645460317
387,Nago,26.5881,127.9761,59.07,70,100,12.71,JP,1645460317
388,Hamza,40.4264,71.4956,50.45,37,0,6.06,UZ,1645460299
389,Atambua,-9.1061,124.8925,71.92,97,100,2.73,ID,1645460318
390,Falun,60.6036,15.626,30.61,90,100,19.35,SE,1645460318
391,Rocha,-34.4833,-54.3333,76.62,64,70,16.13,UY,1645460283
392,Ligayan,4.6533,119.4706,77.05,82,100,5.23,PH,1645460319
393,Alyangula,-13.8483,136.4192,83.55,73,73,7.67,AU,1645460319
394,Lubumbashi,-11.6609,27.4794,66.88,95,95,4.0,CD,1645460150
395,Isabela,6.7085,121.9711,77.41,80,100,2.86,PH,1645460320
396,Richards Bay,-28.783,32.0377,78.62,80,17,7.36,ZA,1645460324
397,Amapá,1.0,-52.0,86.49,60,61,4.59,BR,1645460325
398,Kiryat Gat,31.61,34.7642,61.39,100,27,3.96,IL,1645460041
399,Agüimes,27.9054,-15.4461,63.66,59,40,6.91,ES,1645460325
400,Nouadhibou,20.931,-17.0347,73.38,46,100,14.97,MR,1645460326
401,Cascais,38.6979,-9.4215,70.61,54,0,13.8,PT,1645460266
402,Castlegar,49.2998,-117.6689,27.28,95,100,4.5,CA,1645460174
403,Shingū,33.7333,135.9833,38.91,63,3,8.25,JP,1645460326
404,Sioux Lookout,50.1001,-91.917,-16.22,63,100,2.3,CA,1645460326
405,Coahuayana Viejo,18.7333,-103.6833,85.48,24,1,1.48,MX,1645460327
406,Kuloy,61.0305,42.4925,21.06,99,97,1.83,RU,1645460327
407,Yārāda,17.65,83.2667,80.92,74,20,2.3,IN,1645460327
408,Šurany,48.0861,18.1845,45.03,49,100,11.32,SK,1645460328
409,Kulunda,52.566,78.9385,16.18,86,66,8.86,RU,1645460328
410,Shubarshi,48.5872,57.1869,32.86,100,100,6.17,KZ,1645460328
411,Half Moon Bay,37.4636,-122.4286,49.17,65,0,21.85,US,1645460329
412,Gorontalo,0.5412,123.0595,73.04,95,100,4.38,ID,1645460329
413,Srandakan,-7.9386,110.2506,77.94,88,100,3.85,ID,1645460329
414,Lashio,22.9333,97.75,54.07,96,93,1.32,MM,1645460330
415,Tremedal,-14.9758,-41.4108,85.84,47,78,6.15,BR,1645460330
416,Bereket,39.2446,55.5154,55.26,41,62,6.26,TM,1645460330
417,Turukhansk,65.8167,87.9833,14.88,86,100,16.96,RU,1645460331
418,Presidencia Roque Sáenz Peña,-26.7852,-60.4388,70.29,95,100,3.94,AR,1645460187
419,Sabha,27.0377,14.4283,76.48,10,9,2.19,LY,1645460331
420,Oranjestad,12.524,-70.027,85.95,58,52,19.57,AW,1645460332
421,Clarksburg,39.2807,-80.3445,60.53,28,0,10.36,US,1645460217
422,Sheltozero,61.3667,35.3667,22.87,94,96,3.36,RU,1645460332
423,Winnemucca,40.973,-117.7357,28.45,59,100,8.05,US,1645460333
424,Hailar,49.2,119.7,-20.36,100,86,2.64,CN,1645460333
425,Paraná,-31.732,-60.5238,84.54,45,2,9.86,AR,1645460333
426,Marystown,47.1666,-55.1483,36.86,100,100,7.0,CA,1645460334
427,Poum,-20.2333,164.0167,81.82,79,100,16.33,NC,1645460334
428,Mbanza-Ngungu,-5.25,14.8667,77.52,81,100,1.21,CD,1645460334
429,Tessaoua,13.7574,7.9874,88.05,7,62,14.0,NE,1645460335
430,Naze,28.3667,129.4833,50.99,65,100,12.66,JP,1645460335
431,Taltal,-25.4,-70.4833,71.85,69,1,6.73,CL,1645460335
432,Tual,-5.6667,132.75,82.45,78,100,22.15,ID,1645460336
433,Safaga,26.7292,33.9365,66.36,58,21,5.7,EG,1645460336
434,Gezing,47.9178,13.1299,44.11,66,75,17.27,AT,1645460336
435,Mossamedes,-15.1961,12.1522,79.2,75,15,12.8,AO,1645460337
436,Port Hedland,-20.3167,118.5667,80.65,100,18,6.91,AU,1645460114
437,Ampanihy,-24.7,44.75,82.08,56,0,13.98,MG,1645460337
438,Miran Shah,33.0086,70.0697,59.77,35,100,0.65,PK,1645460337
439,Kurumkan,54.3,110.3,-4.56,92,97,2.62,RU,1645460338
440,Okitipupa,6.5047,4.7839,91.22,48,15,10.63,NG,1645460338
441,Mahibadhoo,3.7833,72.9667,82.24,65,2,5.73,MV,1645460338
442,Antofagasta,-23.65,-70.4,76.21,60,0,9.26,CL,1645460339
443,Chul'man,56.8479,124.9104,-10.17,99,100,1.01,RU,1645460339
444,Srīvardhan,18.0333,73.0167,73.6,66,5,7.07,IN,1645460339
445,Rūdbār,30.15,62.6,73.53,30,65,25.72,AF,1645460340
446,Ola,59.5833,151.2833,-16.44,88,14,7.0,RU,1645460340
447,Savannah Bight,16.45,-85.85,82.45,72,38,16.31,HN,1645460340
448,Klyuchi,52.2667,79.1667,16.79,87,60,8.75,RU,1645460341
449,Saint-Pierre,-21.3393,55.4781,78.48,73,75,10.36,RE,1645460341
450,Tahe,52.3333,124.7333,-14.85,99,19,4.07,CN,1645460342
451,Poronaysk,49.2167,143.1167,13.77,72,100,23.87,RU,1645460342
452,Shimoda,34.6667,138.95,35.1,63,37,15.23,JP,1645460342
453,Long Beach,33.767,-118.1892,58.55,80,75,4.61,US,1645460335
454,Solnechnyy,50.7214,136.6319,-3.75,94,97,4.65,RU,1645460343
455,Pizarro,4.9533,-77.366,83.84,68,71,0.54,CO,1645460343
456,Jaisinghnagar,23.7,81.3833,64.56,19,0,3.96,IN,1645460343
457,Dawlatabad,36.4141,64.9053,53.28,56,100,4.74,AF,1645460344
458,Hualmay,-11.0964,-77.6139,73.9,77,100,6.24,PE,1645460344
459,San Luis,-33.295,-66.3356,67.87,64,100,6.69,AR,1645460344
460,Wuwei,37.9281,102.6414,21.06,63,80,4.9,CN,1645460345
461,Nizhniy Tsasuchey,50.5167,115.1333,-5.58,89,10,7.27,RU,1645460345
462,Egvekinot,66.3167,-179.1667,-12.41,93,100,16.91,RU,1645460345
463,Pacific Grove,36.6177,-121.9166,50.11,70,0,11.99,US,1645460346
464,Jinchang,38.4953,102.1739,19.47,65,28,4.94,CN,1645460346
465,Yeppoon,-23.1333,150.7333,74.98,82,26,11.16,AU,1645460346
466,Neiafu,-18.65,-173.9833,81.28,83,75,9.22,TO,1645460347
467,Lorengau,-2.0226,147.2712,81.1,76,99,6.53,PG,1645460347
468,Mizdah,31.4451,12.9801,66.18,37,69,10.54,LY,1645460348
469,Pierre,44.3683,-100.351,2.86,73,100,21.85,US,1645460371
470,Severo-Yeniseyskiy,60.3725,93.0408,10.69,92,100,5.88,RU,1645460348
471,Puerto Nariño,-3.7703,-70.3831,84.15,78,100,3.49,CO,1645460348
472,Eilat,29.5581,34.9482,67.84,68,48,8.05,IL,1645460349
473,Alice Town,25.7167,-79.3,72.84,67,0,16.46,BS,1645460349
474,Lucea,18.451,-78.1736,84.85,63,29,18.99,JM,1645460349
475,Marsaxlokk,35.8419,14.5431,58.08,82,75,23.02,MT,1645460350
476,Taihe,30.8712,105.3845,41.68,87,100,2.98,CN,1645460350
477,Birao,10.2849,22.7882,88.9,9,20,7.11,CF,1645460350
478,Tomari,47.7658,142.0683,15.33,85,100,23.82,RU,1645460351
479,Adrar,20.5022,-10.0711,89.29,10,91,4.27,MR,1645460351
480,San Andrés,12.5847,-81.7006,84.22,65,40,18.41,CO,1645460288
481,Tucupita,9.0622,-62.051,88.52,47,37,6.93,VE,1645460352
482,Oistins,13.0667,-59.5333,84.29,61,40,19.57,BB,1645460053
483,Santa Rosalía,27.3167,-112.2833,58.55,53,83,13.31,MX,1645460352
484,Wenling,28.3669,121.36,43.92,90,100,9.57,CN,1645460353
485,Phetchabun,16.25,101.0833,74.05,75,42,6.58,TH,1645460353
486,Kibala,9.1104,18.3463,96.49,9,12,5.93,TD,1645460353
487,Nelson Bay,-32.7167,152.15,75.11,90,100,1.01,AU,1645460354
488,Hay River,60.8156,-115.7999,-18.42,76,40,10.36,CA,1645460285
489,Hamilton,39.1834,-84.5333,58.05,35,0,10.36,US,1645460354
490,Pisco,-13.7,-76.2167,71.65,83,75,10.36,PE,1645460081
491,Tateyama,34.9833,139.8667,37.42,48,19,8.32,JP,1645460354
492,Brookings,44.3114,-96.7984,14.34,84,100,19.57,US,1645460355
493,Moussoro,13.6408,16.4901,88.41,8,4,14.16,TD,1645460355
494,Northam,51.0333,-4.2167,51.42,77,5,26.69,GB,1645460355
495,Aykhal,66.0,111.5,-2.42,100,74,4.94,RU,1645460356
496,Ilhabela,-23.7781,-45.3581,84.92,59,6,5.64,BR,1645460356
497,Siocon,7.7061,122.1353,77.52,84,100,1.36,PH,1645460356
498,Dakar,14.6937,-17.4441,85.08,64,0,13.8,SN,1645460238
499,Rāvar,31.2656,56.8055,55.6,33,74,11.79,IR,1645460357
500,Qui Nhon,13.7667,109.2333,69.48,82,99,17.81,VN,1645460357
501,Lakes Entrance,-37.8811,147.981,57.4,69,51,1.77,AU,1645460358
502,Kazaki,52.6248,38.2649,31.08,94,83,13.31,RU,1645460362
503,Gangākher,18.95,76.75,80.56,15,7,1.07,IN,1645460362
504,Nantucket,41.2835,-70.0995,50.11,68,0,16.11,US,1645460363
505,Durusu,41.3053,28.6767,58.14,86,2,1.01,TR,1645460363
506,Mormugao,15.4,73.8,75.34,67,6,11.18,IN,1645460290
507,Christchurch,-43.5333,172.6333,61.92,91,7,6.91,NZ,1645460079
508,Gunnedah,-30.9833,150.25,64.02,81,100,3.4,AU,1645460364
509,Kharp,66.8014,65.8081,15.46,98,100,2.1,RU,1645460364
510,Odesa,46.4775,30.7326,42.73,75,0,13.42,UA,1645460310
511,Raja,8.4596,25.678,85.12,12,7,5.86,SS,1645460364
512,Norsup,-16.0667,167.3833,80.89,83,99,11.1,VU,1645460365
513,Manokwari,-0.8667,134.0833,76.68,93,100,4.23,ID,1645460143
514,Martil,35.6166,-5.2752,64.47,77,75,12.66,MA,1645460365
515,Quelimane,-17.8786,36.8883,82.35,78,40,6.91,MZ,1645460365
516,Ponta Delgada,37.7333,-25.6667,61.52,51,20,9.22,PT,1645460366
517,Kampot,10.6167,104.1833,77.05,74,38,3.65,KH,1645460366
518,Departamento de Maldonado,-34.6667,-54.9167,74.59,69,84,16.71,UY,1645460367
519,Izhma,65.0083,53.9113,24.75,98,99,3.62,RU,1645460367
520,Natá,8.3333,-80.5167,89.47,41,94,21.59,PA,1645460367
521,San Policarpo,12.1791,125.5072,78.57,85,100,15.26,PH,1645460368
522,Escondido,33.1192,-117.0864,58.1,77,75,4.61,US,1645460368
523,Juegang,32.3174,121.1855,36.91,58,91,7.29,CN,1645460368
524,Karlskrona,56.1616,15.5866,37.85,89,100,25.26,SE,1645460110
525,Ciudad Ojeda,10.1964,-71.3082,84.7,49,6,7.34,VE,1645460369
526,Shīeli,44.1667,66.75,41.81,65,13,7.23,KZ,1645460369
527,Comodoro Rivadavia,-45.8667,-67.5,55.26,50,40,9.22,AR,1645460101
528,Ngunguru,-35.6167,174.5,65.16,84,1,5.88,NZ,1645460370
529,Langsa,4.4683,97.9683,75.94,92,10,2.77,ID,1645460370
530,Port Macquarie,-31.4333,152.9167,66.88,88,100,0.58,AU,1645460370
531,Fort Smith,35.3859,-94.3986,64.89,72,100,5.75,US,1645460371
532,Belyy Yar,53.6039,91.3903,1.29,85,20,2.24,RU,1645460371
533,Beaverton,45.4871,-122.8037,38.88,90,100,7.0,US,1645460102
534,Port-Cartier,50.0334,-66.8654,16.75,70,30,15.05,CA,1645460371
535,Buraidah,26.326,43.975,64.85,23,0,8.84,SA,1645460367
536,Kuah,6.3265,99.8432,84.18,74,20,3.44,MY,1645460372
537,Erdemli,36.605,34.3084,56.43,77,93,2.51,TR,1645460372
538,Show Low,34.2542,-110.0298,44.71,33,0,20.71,US,1645460116
539,Erzin,36.9559,36.2,59.72,96,97,5.61,TR,1645460373
540,Necochea,-38.5473,-58.7368,70.03,67,63,17.9,AR,1645460373
541,Walvis Bay,-22.9575,14.5053,83.35,51,0,8.05,NA,1645460373
542,Chalchihuites,23.4833,-103.8833,62.08,30,7,9.37,MX,1645460375
543,Victoria Point,-27.5833,153.3,75.16,96,31,1.01,AU,1645460375
544,Poole,50.7167,-2.0,53.74,69,20,23.02,GB,1645460261
545,Tiznit Province,29.5833,-9.5,77.36,16,0,14.67,MA,1645460376
